$ 1 0.000005 10.20027730826997 50 5 50 5e-11
196 432 224 496 224 2 1
196 560 160 624 160 2 1
196 304 288 368 288 2 1
w 400 288 432 288 0
w 528 224 560 224 0
L 192 160 144 160 0 0 false 5 0
L 192 192 144 192 0 0 false 5 0
L 192 224 144 224 0 0 false 5 0
L 192 320 144 320 0 0 false 5 0
L 192 352 144 352 0 0 false 5 0
L 192 384 144 384 0 0 false 5 0
w 192 384 304 320 0
w 192 352 432 256 0
w 192 320 560 192 0
w 192 224 304 288 0
w 192 192 432 224 0
w 192 160 560 160 0
M 784 160 880 160 0 2.5
M 784 208 880 208 0 2.5
M 784 256 880 256 0 2.5
w 656 224 784 160 0
w 528 288 784 208 0
w 400 352 784 256 0
